Study_ID,age_at_the_study_baseline,x1_male_0_female,years_of_education,x1_apoe4_carrier_0_apoe4_non_carrier,age_at_the_onset_of_mci_missing_if_a_subject_remains_mci_free_during_the_follow_up_period,time_in_years_elapsed_since_the_study_baseline_to_the_visit_where_biomarker_amyloid_42_40_ratio_was_measured,na_3,na_4,na_5,na_6
107,67.2,1,16,1,.,0.106831077,0.106743189,0.106388181,0.106368477,0.109349326
109,66.2,0,16,1,68.4,0.107026721,0.107718021,0.104457501,0.100723304,0.100848092
113,69.3,1,16,1,.,0.110601602,0.106395652,0.105653459,0.104944529,0.103201994
114,63,0,18,1,.,0.109260791,0.105549252,0.108490992,0.106399534,0.107797014
117,64,1,18,1,.,0.109024731,0.103151047,0.10950157,0.105328335,0.107953773
118,64.2,0,16,1,.,0.10623753,0.107475814,0.105855583,0.105872981,0.104382242
120,64.5,0,20,1,72.2,0.106856079,0.111398319,0.103014244,0.106365255,0.103045743
123,64.4,1,18,1,67.4,0.108080327,0.112383506,0.11008691,0.107630692,0.101780509
13,63.1,1,12,1,69,0.110300505,0.108534417,0.108100808,0.109229662,0.104861901
132,63.2,1,16,1,66,0.10908984,0.108979186,0.106198191,0.105698988,0.102579378
134,60.4,1,16,1,.,0.107447162,0.112071846,0.108722076,0.111803485,0.108162058
138,63.4,0,16,1,.,0.110229076,0.104298316,0.10770547,0.104200884,0.104660178
141,59.3,1,16,1,.,0.11309114,0.112172823,0.108161214,0.103344036,0.107180501
149,61.1,0,16,1,68.9,0.108500622,0.110531747,0.110113935,0.106510401,0.106897608
157,68,1,16,1,.,0.108814316,0.109086169,0.107297502,0.107029454,0.105370984
161,66.3,1,16,1,.,0.108052962,0.108523882,0.106035669,0.104354121,0.107276016
177,67.4,0,16,1,74.4,0.107080076,0.103880457,0.104338764,0.106399715,0.102465143
181,61.3,1,12,1,.,0.109548645,0.111917541,0.109278334,0.11166621,0.108968217
182,68,1,18,1,.,0.108484174,0.111536146,0.107999137,0.107726194,0.105669413
183,65.7,1,16,1,.,0.108565576,0.106722774,0.104901171,0.106505678,0.106399583
19,67.5,1,16,1,.,0.106989637,0.105861947,0.107371076,0.109003799,0.102666279
193,62.8,1,20,1,.,0.112570898,0.109856279,0.11034929,0.107437412,0.110393571
194,67.5,0,16,1,.,0.107667466,0.10454562,0.105814679,0.107261536,0.101731113
195,61.4,1,18,1,.,0.11018114,0.107946141,0.105704397,0.113010336,0.108083297
2,65.6,0,20,1,.,0.107481183,0.109157373,0.109457839,0.105729713,0.10661845
202,70.1,0,18,1,75.2,0.108924204,0.103006361,0.103228003,0.102029846,0.100056292
205,58.1,0,16,1,.,0.110405326,0.108214953,0.107247746,0.108624049,0.107852263
212,66.3,0,16,1,.,0.107937409,0.10639588,0.10736014,0.103412602,0.104867625
219,66.9,0,16,1,.,0.107481863,0.10477106,0.109749603,0.105062348,0.101766786
223,63.1,0,20,1,.,0.108381993,0.107049412,0.10952307,0.108223636,0.103776878
249,64.5,0,16,1,68.4,0.107875226,0.106120934,0.110522028,0.10443051,0.104297366
250,68.1,1,16,1,74.5,0.107287702,0.109043837,0.109596383,0.105458715,0.10294026
252,66.2,1,16,1,69.6,0.106002663,0.109438988,0.104734598,0.108832219,0.105513741
26,64.8,0,20,1,71.1,0.104749004,0.110171403,0.106128029,0.102036973,0.104994305
261,67.9,1,16,1,.,0.103748954,0.107379199,0.108546849,0.102970337,0.107146837
271,64.2,1,12,1,.,0.110585716,0.110450742,0.110279471,0.109730294,0.106944687
272,66.2,1,16,1,.,0.106047845,0.102522548,0.1065023,0.103627959,0.105508768
287,63,1,16,1,68,0.108545195,0.109804562,0.112595781,0.109277394,0.107288238
297,67.3,1,16,1,73.9,0.112519791,0.107296829,0.109572724,0.107416099,0.105536131
300,64.1,1,16,1,.,0.109040582,0.108295985,0.111727067,0.102941601,0.104574502
302,61.9,1,16,1,.,0.112249076,0.113542483,0.108736248,0.11236736,0.111010295
305,70,0,18,1,77.2,0.106575146,0.109139729,0.107237307,0.100797063,0.103960862
308,66.7,0,12,1,.,0.107487702,Na,Na,Na,0.108283938
322,69.5,1,20,1,.,0.110046891,0.1071658,0.103712548,0.103892805,0.106774995
323,67.4,0,16,1,73.9,0.108951493,0.108156014,0.107161066,0.107789675,0.103367206
330,67,0,18,1,.,0.108252386,0.111444278,0.106592298,0.109460717,0.1008376
336,67.2,0,16,1,73.7,0.105515499,0.105559957,0.102679883,0.10569702,0.10640764
344,64.1,1,12,1,.,0.104493777,0.111410573,0.105177412,0.104139524,0.109674178
347,67.7,1,16,1,68.9,0.106142357,0.105404684,0.106038639,0.104798607,0.102539751
348,64.4,1,16,1,70.4,0.108953572,0.109108861,0.10913821,0.111055899,0.111664612
350,70.7,0,16,1,75.2,0.104448098,0.106251499,0.109105546,0.105341362,0.102666049
351,69.4,1,16,1,76.6,0.109113066,0.110681827,0.104622912,0.107114993,0.10775628
354,64.4,1,20,1,.,0.107791322,0.112454752,0.10789639,0.104688733,Na
366,66.8,1,16,1,72.8,0.109407468,0.110142355,0.108078589,0.104223474,0.103784985
369,63.3,1,18,1,68.6,0.111860082,0.104362159,0.112709888,0.107915913,0.107131432
370,60.9,0,16,1,.,0.110829401,0.1073372,0.105705433,0.105315475,0.108028021
371,63.8,1,12,1,.,0.110945361,0.106288231,0.108039492,0.104458211,0.10778224
377,65.4,0,16,1,68.2,0.108737385,0.107877634,0.107528215,0.105783551,0.104676513
378,64.6,0,16,1,.,0.109343275,0.106164941,0.10911387,0.108618298,0.105794803
386,64.8,1,16,1,.,0.11034442,0.10479554,0.106479322,0.107866499,0.107554171
403,63.2,0,16,1,.,0.108716933,0.112528009,0.105718947,0.105514681,0.109671392
408,64.1,1,20,1,70.2,0.110779441,0.11081594,0.111759647,0.10560759,0.11096394
409,69.3,1,16,1,75.2,0.109306118,0.109355444,0.104203305,0.104801719,0.104392625
411,63.8,1,16,1,.,0.10826737,0.104959222,0.109323546,0.108688383,0.108075209
417,68.1,0,16,1,72.5,0.109277104,0.10508806,0.105360371,0.105517925,0.10132809
419,60.7,0,16,1,63.8,0.114644146,0.108243592,0.112268963,0.106069914,0.10415295
422,62.9,0,12,1,.,0.106676555,0.105541532,0.107451301,0.108318444,0.105647539
423,64.8,0,16,1,70.3,0.108118705,0.107796862,0.107986282,0.103578995,0.11011534
429,63.1,1,16,1,.,0.10860544,0.112263306,0.10961454,0.107045634,0.108090234
431,58.9,1,16,1,61.2,0.117180111,0.110687702,0.107133996,0.10872562,0.106799552
433,60.4,1,12,1,.,0.11095067,0.112410406,0.109277554,0.108903841,0.106948706
436,64.4,1,12,1,.,0.104514207,0.110257977,0.111416661,0.108085945,0.10012247
443,64.9,1,20,1,.,0.10722303,0.108332103,0.102615472,0.105995796,0.10901351
446,56,1,16,1,.,0.106255778,0.110742988,0.113766563,0.113627495,0.111382255
45,62.9,1,20,1,65.2,0.106887426,0.110818579,0.111516749,0.107179289,0.10457923
454,60.3,0,16,1,.,0.107184782,0.112458593,0.106626914,0.106243479,0.104957373
457,66.5,0,12,1,.,0.106417695,0.107201293,0.108348057,0.108864187,0.106687822
458,58.7,1,16,1,.,0.11242496,0.111832245,0.110254455,0.108375329,0.108762325
471,62.6,1,16,1,68.9,0.111027383,0.106424715,0.111068422,0.107208238,0.110534005
483,63.4,1,16,1,.,0.108782286,0.10723613,0.108469817,0.107775949,0.105178037
50,67.6,0,18,1,.,0.107169039,0.10473295,0.108557518,0.104577694,0.104070382
55,69.3,0,16,1,73.6,0.101507799,0.105455229,0.104251537,0.106088762,0.103609078
59,66.7,0,20,1,74.4,0.103415696,0.10351346,0.100971886,0.108515848,0.104119779
64,65.1,1,16,1,.,0.112127194,0.1087145,0.108195677,0.107059598,0.105631869
69,65.5,0,20,1,72.5,0.114392996,0.104970251,0.109161136,0.107839858,0.107005326
74,62.2,1,20,1,.,0.11199154,0.111793054,0.108314413,0.107177142,0.107072996
75,61.2,0,16,1,65.4,0.108368094,0.10773377,0.105117512,0.106359342,0.105999842
77,63.7,0,18,1,66.4,0.107284617,0.106476261,0.112886515,0.101454474,0.10454377
86,66,0,18,1,71.7,0.108360583,0.102932875,0.106523976,0.104131568,0.101939043
91,63.4,1,16,1,.,0.108286598,0.108503416,0.104867456,0.107243697,0.103342003
93,68.5,1,16,1,.,0.107302948,0.10815066,0.102894277,0.107999958,0.10394613
